  0.00000000000000000E+00  0.12612302217517207    
  0.19519650322625641E-01  0.12363967302692665    
  0.39039300645251282E-01  0.12112744094812287    
  0.58558950967876916E-01  0.11858623478602372    
  0.78078601290502564E-01  0.11601532008724044    
  0.97598251613128212E-01  0.11341319926807755    
  0.11711790193575386      0.11077826684344372    
  0.13663755225837951      0.10810890512303954    
  0.15615720258100516      0.10540350944174770    
  0.17567685290363080      0.10266049851526163    
  0.19519650322625645      0.99878319999392312E-01
  0.21471615354888210      0.97055454037355340E-01
  0.23423580387150775      0.94190415774778158E-01
  0.25375545419413342      0.13691443859098953    
  0.27327510451675907      0.13242550464106259    
  0.29279475483938472      0.12269422555976485    
  0.31231440516201037      0.12818478286940557    
  0.33183405548463601      0.12346966827080343    
  0.35135370580726166      0.12674667338276133    
  0.37087335612988725      0.12829939732909959    
  0.39039300645251290      0.12272233205903380    
  0.40991265677513855      0.12229758136199267    
  0.42943230709776420      0.12035974545151149    
  0.44895195742038985      0.11700820027296110    
  0.46847160774301549      0.10996843283199949    
  0.48799125806564114      0.10484140114610578    
  0.50751090838826685      0.99489627881619358E-01
  0.52703055871089244      0.90914124240180319E-01
  0.54655020903351814      0.81717748234627532E-01
  0.56606985935614373      0.71852567365441544E-01
  0.58558950967876944      0.61270285038343524E-01
  0.60510916000139503      0.49922273899383356E-01
  0.62462881032402073      0.37759608262779729E-01
  0.64414846064664633      0.24733095589557674E-01
  0.66366811096927203      0.10793306987445768E-01


  0.00000000000000000E+00  0.13874988828168103    
  0.19519650322625641E-01  0.13614786312230603    
  0.39039300645251282E-01  0.13351892984496710    
  0.58558950967876916E-01  0.13086309976853508    
  0.78078601290502564E-01  0.12817966549625548    
  0.97598251613128212E-01  0.12546707670571716    
  0.11711790193575386      0.12272366075223601    
  0.13663755225837951      0.11994772760542521    
  0.15615720258100516      0.11713759740999767    
  0.17567685290363080      0.11429161175676564    
  0.19519650322625645      0.11140813972169403    
  0.21471615354888210      0.10848558172527914    
  0.23423580387150775      0.10552237228515297    
  0.25375545419413342      0.10251698210055198    
  0.27327510451675907      0.99467919670206933E-01
  0.29279475483938472      0.96373732547111318E-01
  0.31231440516201037      0.14045896435990676    
  0.33183405548463601      0.13025219826470938    
  0.35135370580726166      0.13621487208760905    
  0.37087335612988725      0.13128351684297959    
  0.39039300645251290      0.13489535736424949    
  0.40991265677513855      0.13666428156984436    
  0.42943230709776420      0.13082423995978618    
  0.44895195742038985      0.13048733758530481    
  0.46847160774301549      0.12853473443584773    
  0.48799125806564114      0.12507483065647065    
  0.50751090838826685      0.12021783478708217    
  0.52703055871089244      0.11407437035988940    
  0.54655020903351814      0.10675003675228073    
  0.56606985935614373      0.97714259217731997E-01
  0.58558950967876944      0.88025127168862058E-01
  0.60510916000139503      0.77635621136392427E-01
  0.62462881032402073      0.66498412877014260E-01
  0.64414846064664633      0.54565896282677828E-01
  0.66366811096927203      0.41790217359831648E-01
  0.68318776129189762      0.28123303257052073E-01
  0.70270741161452333      0.13516890328682727E-01


  0.00000000000000000E+00  0.15181527121959124    
  0.19519650322625641E-01  0.14909923376342255    
  0.39039300645251282E-01  0.14635830361302749    
  0.58558950967876916E-01  0.14359260177051072    
  0.78078601290502564E-01  0.14080145319394624    
  0.97598251613128212E-01  0.13798325953481022    
  0.11711790193575386      0.13513628563148936    
  0.13663755225837951      0.13225877371750991    
  0.15615720258100516      0.12934897330754966    
  0.17567685290363080      0.12640515337468519    
  0.19519650322625645      0.12342560885960653    
  0.21471615354888210      0.12040866483282867    
  0.23423580387150775      0.11735267947626039    
  0.25375545419413342      0.11425604635998787    
  0.27327510451675907      0.11111719623189652    
  0.29279475483938472      0.10793459843082578    
  0.31231440516201037      0.10470676198642759    
  0.33183405548463601      0.10143223644669175    
  0.35135370580726166      0.14845651241080071    
  0.37087335612988725      0.13778520432401137    
  0.39039300645251290      0.14422680168530885    
  0.40991265677513855      0.13908709125442809    
  0.42943230709776420      0.14304214544232693    
  0.44895195742038985      0.14503674534579655    
  0.46847160774301549      0.13894245210976200    
  0.48799125806564114      0.13870413496575751    
  0.50751090838826685      0.13674840409992936    
  0.52703055871089244      0.13319253446363510    
  0.54655020903351814      0.12815511694062520    
  0.56606985935614373      0.12175384212687890    
  0.58558950967876944      0.11409872651990624    
  0.60510916000139503      0.10461334247331501    
  0.62462881032402073      0.94443703397730699E-01
  0.64414846064664633      0.83543740486906479E-01
  0.66366811096927203      0.71867126054269592E-01
  0.68318776129189762      0.59367302105709660E-01
  0.70270741161452333      0.45997507989121084E-01
  0.72222706193714892      0.31710807113648640E-01
  0.74174671225977451      0.16460112738172165E-01


  0.00000000000000000E+00  0.16528171719036461    
  0.19519650322625641E-01  0.16245629616365639    
  0.39039300645251282E-01  0.15960803197309956    
  0.58558950967876916E-01  0.15673716145234817    
  0.78078601290502564E-01  0.15384304652467717    
  0.97598251613128212E-01  0.15092404522538702    
  0.11711790193575386      0.14797836428739422    
  0.13663755225837951      0.14500418260897524    
  0.15615720258100516      0.14199968344974473    
  0.17567685290363080      0.13896306750178317    
  0.19519650322625645      0.13589255985821211    
  0.21471615354888210      0.13278641446849018    
  0.23423580387150775      0.12964291734008784    
  0.25375545419413342      0.12646038899957657    
  0.27327510451675907      0.12323718644681797    
  0.29279475483938472      0.11997170472018615    
  0.31231440516201037      0.11666237813926583    
  0.33183405548463601      0.11330768126740834    
  0.35135370580726166      0.10990612962488136    
  0.37087335612988725      0.10645628017753360    
  0.39039300645251290      0.15641816972243633    
  0.40991265677513855      0.14529278752945357    
  0.42943230709776420      0.14036407031029063    
  0.44895195742038985      0.14687958767960574    
  0.46847160774301549      0.15118624245906673    
  0.48799125806564114      0.15341595517662068    
  0.50751090838826685      0.14707554740860079    
  0.52703055871089244      0.14694637553627735    
  0.54655020903351814      0.14499888252067275    
  0.56606985935614373      0.14135902355561258    
  0.58558950967876944      0.13615339534057130    
  0.60510916000139503      0.13078713482141671    
  0.62462881032402073      0.12153111275930402    
  0.64414846064664633      0.11160635487512349    
  0.66366811096927203      0.10096801299727837    
  0.68318776129189762      0.89570997714914516E-01
  0.70270741161452333      0.77370005630095565E-01
  0.72222706193714892      0.64319545715794180E-01
  0.74174671225977451      0.50373964777032376E-01
  0.76126636258240021      0.35487472018055154E-01
  0.78078601290502581      0.19614162723008647E-01


  0.00000000000000000E+00  0.12612302217517213    
  0.17240131447349202E-01  0.12393108512483358    
  0.34480262894698403E-01  0.12171681096458227    
  0.51720394342047601E-01  0.11947983911240637    
  0.68960525789396807E-01  0.11722004122308533    
  0.86200657236746012E-01  0.11493646922105141    
  0.10344078868409520      0.11262803700172856    
  0.12068092013144441      0.11029363120861461    
  0.13792105157879361      0.10793213813565616    
  0.15516118302614282      0.10554245374806652    
  0.17240131447349202      0.10312348861017379    
  0.18964144592084120      0.10067417080442430    
  0.20688157736819041      0.98193447897940045E-01
  0.22412170881553961      0.95680288383455520E-01
  0.24136184026288882      0.93133682787865352E-01
  0.25860197171023802      0.13580429165393454    
  0.27584210315758723      0.13183136141640428    
  0.29308223460493643      0.12263100293362651    
  0.31032236605228564      0.11880963643430562    
  0.32756249749963484      0.12451034424192425    
  0.34480262894698405      0.12846221497218505    
  0.36204276039433325      0.12391260494411305    
  0.37928289184168240      0.12592041066977219    
  0.39652302328903161      0.12639485056250438    
  0.41376315473638081      0.12109742610339583    
  0.43100328618373002      0.11983999827166530    
  0.44824341763107922      0.11725651460787644    
  0.46548354907842843      0.11107168494911264    
  0.48272368052577763      0.10691157650043596    
  0.49996381197312684      0.10162114234116280    
  0.51720394342047604      0.95305836892044818E-01
  0.53444407486782519      0.87497074536058428E-01
  0.55168420631517445      0.79189823993536676E-01
  0.56892433776252360      0.70350976996786302E-01
  0.58616446920987286      0.60947209125972956E-01
  0.60340460065722201      0.50944997628973393E-01
  0.62064473210457127      0.40310638806888142E-01
  0.63788486355192042      0.29010264948160228E-01
  0.65512499499926968      0.17009860798822232E-01


  0.00000000000000000E+00  0.13874988828168108    
  0.17240131447349202E-01  0.13645302640660609    
  0.34480262894698403E-01  0.13413537623388347    
  0.51720394342047601E-01  0.13179662045676654    
  0.68960525789396807E-01  0.12943668799748889    
  0.86200657236746012E-01  0.12705460376349273    
  0.10344078868409520      0.12464923874134939    
  0.12068092013144441      0.12221943163083704    
  0.13792105157879361      0.11976401829344419    
  0.15516118302614282      0.11728184268488456    
  0.17240131447349202      0.11477176221513151    
  0.18964144592084120      0.11223265091874787    
  0.20688157736819041      0.10966340159348174    
  0.22412170881553961      0.10706292737457238    
  0.24136184026288882      0.10443016295596322    
  0.25860197171023802      0.10176406556283644    
  0.27584210315758723      0.99063615731602911E-01
  0.29308223460493643      0.96327817930316417E-01
  0.31032236605228564      0.14093839877615105    
  0.32756249749963484      0.13123345784542609    
  0.34480262894698405      0.12724803009470914    
  0.36204276039433325      0.13352900327771733    
  0.37928289184168240      0.13792751720348495    
  0.39652302328903161      0.13320019583308190    
  0.41376315473638081      0.13552918094846383    
  0.43100328618373002      0.13034460628424616    
  0.44824341763107922      0.13071776327376752    
  0.46548354907842843      0.12956606736413381    
  0.48272368052577763      0.12350420506691420    
  0.49996381197312684      0.12058681946352341    
  0.51720394342047604      0.11635973077821926    
  0.53444407486782519      0.11093710070293106    
  0.55168420631517445      0.10443417186764738    
  0.56892433776252360      0.96339261801104123E-01
  0.58616446920987286      0.87729342391968182E-01
  0.60340460065722201      0.78571998082224384E-01
  0.62064473210457127      0.68834626001014573E-01
  0.63788486355192042      0.58484452592045655E-01
  0.65512499499926968      0.47488549800352026E-01
  0.67236512644661883      0.35813850808802013E-01
  0.68960525789396809      0.23427165318246086E-01
  0.70684538934131724      0.10295194368240322E-01


  0.00000000000000000E+00  0.15181527121959121    
  0.17240131447349202E-01  0.14941760162641524    
  0.34480262894698403E-01  0.14700072357739374    
  0.51720394342047601E-01  0.14456436814379808    
  0.68960525789396807E-01  0.14210852549554528    
  0.86200657236746012E-01  0.13963219682136252    
  0.10344078868409520      0.13713421341406956    
  0.12068092013144441      0.13461336921880979    
  0.13792105157879361      0.13206845283004920    
  0.15516118302614282      0.12949825933184081    
  0.17240131447349202      0.12690159608501839    
  0.18964144592084120      0.12427728614368629    
  0.20688157736819041      0.12162417056084070    
  0.22412170881553961      0.11894111009131522    
  0.24136184026288882      0.11622698652128620    
  0.25860197171023802      0.11348070373727176    
  0.27584210315758723      0.11070118859494973    
  0.29308223460493643      0.10788739162285356    
  0.31032236605228564      0.10503828758332674    
  0.32756249749963484      0.10215287590654645    
  0.34480262894698405      0.15009010739521808    
  0.36204276039433325      0.13989581105474813    
  0.37928289184168240      0.13575712425162911    
  0.39652302328903161      0.14262687822947509    
  0.41376315473638081      0.13805709439996922    
  0.43100328618373002      0.14259080327170209    
  0.44824341763107922      0.14525356936573808    
  0.46548354907842843      0.13989097933902869    
  0.48272368052577763      0.14048458000406097    
  0.49996381197312684      0.13945549586629863    
  0.51720394342047604      0.13319098112290731    
  0.53444407486782519      0.13030265863648965    
  0.55168420631517445      0.12602944343478165    
  0.56892433776252360      0.12049669534343141    
  0.58616446920987286      0.11382868063700556    
  0.60340460065722201      0.10546826062068368    
  0.62064473210457127      0.96577201521006892E-01
  0.63788486355192042      0.87123790034907722E-01
  0.65512499499926968      0.77076151728786624E-01
  0.67236512644661883      0.66402266524653225E-01
  0.68960525789396809      0.55069983749627870E-01
  0.70684538934131724      0.43047036744700312E-01
  0.72408552078866650      0.30301057031275624E-01
  0.74132565223601554      0.16799588036281083E-01


  0.00000000000000000E+00  0.16528171719036464    
  0.17240131447349202E-01  0.16278732643671082    
  0.34480262894698403E-01  0.16027533303781494    
  0.51720394342047601E-01  0.15774552094121003    
  0.68960525789396807E-01  0.15519794488468291    
  0.86200657236746012E-01  0.15263158538272636    
  0.10344078868409520      0.15004523707318865    
  0.12068092013144441      0.14743765218507029    
  0.13792105157879361      0.14480757507473691    
  0.15516118302614282      0.14215375496623425    
  0.17240131447349202      0.13947495215915709    
  0.18964144592084120      0.13676994168551071    
  0.20688157736819041      0.13403751577706446    
  0.22412170881553961      0.13127648569207395    
  0.24136184026288882      0.12848568314861714    
  0.25860197171023802      0.12566396148599937    
  0.27584210315758723      0.12281019661874061    
  0.29308223460493643      0.11992328782029540    
  0.31032236605228564      0.11700215835991455    
  0.32756249749963484      0.11404575600893863    
  0.34480262894698405      0.11105305342903091    
  0.36204276039433325      0.10802304845280390    
  0.37928289184168240      0.15927949254820442    
  0.39652302328903161      0.15482651337454795    
  0.41376315473638081      0.14432942642408020    
  0.43100328618373002      0.15179579036944021    
  0.44824341763107922      0.14707607691063002    
  0.46548354907842843      0.15207508220744206    
  0.48272368052577763      0.14688144027995945    
  0.49996381197312684      0.14955787689752295    
  0.51720394342047604      0.15038661812773035    
  0.53444407486782519      0.14949647469504609    
  0.55168420631517445      0.14304635321309353    
  0.56892433776252360      0.14020578443660353    
  0.58616446920987286      0.13590657657434152    
  0.60340460065722201      0.13156514586839568    
  0.62064473210457127      0.12347318218440524    
  0.63788486355192042      0.11486667302810587    
  0.65512499499926968      0.10571476525664766    
  0.67236512644661883      0.95986453512233755E-01
  0.68960525789396809      0.85650595050430767E-01
  0.70684538934131724      0.74675924145347558E-01
  0.72408552078866650      0.63031066069270711E-01
  0.74132565223601554      0.50684550646619655E-01
  0.75856578368336480      0.37604825384013683E-01
  0.77580591513071395      0.23760268179869200E-01
  0.79304604657806321      0.91191996182891488E-02


